Webots Project File version R2021b
perspectives: 000000ff00000000fd00000002000000010000031a00000314fc0200000001fb0000001400540065007800740045006400690074006f00720100000016000003140000008900ffffff0000000300000780000000dafc0100000002fb0000000e0043006f006e0073006f006c006501000000000000073f0000000000000000fb0000001a0043006f006e0073006f006c00650041006c006c0041006c006c0100000000000007800000006900ffffff000004640000031400000001000000020000000100000008fc00000000
simulationViewPerspectives: 000000ff00000001000000020000016c0000049f0100000002010000000100
sceneTreePerspectives: 000000ff0000000100000002000000c0000001080100000002010000000200
maximizedDockId: -1
centralWidgetVisible: 1
orthographicViewHeight: 1
textFiles: 0 "protos/image_camera.proto"
consoles: Console:All:All
renderingDevicePerspectives: robot:camera;0;0.5875;0;0
renderingDevicePerspectives: robot:segmented image display;0;0.5875;0.000696864;0.461538
